{
  "convention": "T_A_B transforms points from frame B to frame A: p_A = T_A_B @ p_B",
  "intrinsics": {
    "frame_id": "camera_color_optical_frame",
    "image_width": 1280,
    "image_height": 720,
    "distortion_model": "plumb_bob",
    "camera_matrix": [
      [
        626.9856432638113,
        0.0,
        644.8941370449211
      ],
      [
        0.0,
        626.9191445642733,
        362.885400722344
      ],
      [
        0.0,
        0.0,
        1.0
      ]
    ],
    "dist_coeffs": [
      0.0,
      0.0,
      0.0,
      0.0,
      0.0
    ],
    "image_model": "undistorted",
    "undistort_alpha": 0.0,
    "original_camera_matrix": [
      [
        629.3267822265625,
        0.0,
        643.51220703125
      ],
      [
        0.0,
        628.6674194335938,
        363.20611572265625
      ],
      [
        0.0,
        0.0,
        1.0
      ]
    ],
    "original_dist_coeffs": [
      -0.058166466653347015,
      0.07234824448823929,
      -0.00023937456717249006,
      0.0006794747896492481,
      -0.02337656170129776
    ],
    "roi": [
      0,
      0,
      1279,
      719
    ]
  },
  "T_base_camera": [
    [
      -0.9999658261566118,
      0.007140982300464782,
      -0.004165680101685068,
      -0.01909643726317503
    ],
    [
      0.007635366541407576,
      0.60453318484133,
      -0.7965433632912761,
      -0.07157442341587311
    ],
    [
      -0.00316981019991347,
      -0.7965479488375969,
      -0.6045670496362769,
      1.4232205575109667
    ],
    [
      0.0,
      0.0,
      0.0,
      1.0
    ]
  ],
  "T_camera_base": [
    [
      -0.9999658261566116,
      0.007635366541407699,
      -0.003169810199913861,
      -0.014037948666823263
    ],
    [
      0.007140982300464389,
      0.604533184841329,
      -0.7965479488375974,
      1.1770688972901402
    ],
    [
      -0.004165680101685198,
      -0.7965433632912754,
      -0.6045670496362778,
      0.80334057183407
    ],
    [
      0.0,
      0.0,
      0.0,
      1.0
    ]
  ],
  "T_head23_camera": [
    [
      -0.9999657425126702,
      0.007155045259105813,
      -0.00416162569492297,
      -0.019113970961047975
    ],
    [
      0.007635333806376316,
      0.6032075165507252,
      -0.7975477375394986,
      -0.09351447339133119
    ],
    [
      -0.003196166258143992,
      -0.797552190959342,
      -0.6032414833358216,
      -0.018136918865607754
    ],
    [
      0.0,
      0.0,
      0.0,
      1.0
    ]
  ],
  "T_camera_head23": [
    [
      -0.9999657425126698,
      0.007635333806376436,
      -0.003196166258144385,
      -0.018457270552464582
    ],
    [
      0.007155045259105419,
      0.6032075165507242,
      -0.7975521909593427,
      0.042080255204723895
    ],
    [
      -0.004161625694923101,
      -0.7975477375394979,
      -0.6032414833358226,
      -0.08560274371276796
    ],
    [
      0.0,
      0.0,
      0.0,
      1.0
    ]
  ],
  "T_ee_grid": [
    [
      0.9996290710389799,
      0.023065372194174087,
      0.014481330715437382,
      -0.10765931699989852
    ],
    [
      -0.024590289176292243,
      0.5358497343810261,
      0.8439552001392069,
      -0.004271889866036303
    ],
    [
      0.011706323589068693,
      -0.8439982528236224,
      0.5362181563680036,
      -0.19886561668378133
    ],
    [
      0.0,
      0.0,
      0.0,
      1.0
    ]
  ],
  "T_grid_ee": [
    [
      0.9996290710389804,
      -0.024590289176292076,
      0.011706323589068585,
      0.10984232129380457
    ],
    [
      0.02306537219417431,
      0.5358497343810271,
      -0.8439982528236226,
      -0.1630699397610099
    ],
    [
      0.014481330715437503,
      0.8439552001392079,
      0.5362181563680033,
      0.11179968818410024
    ],
    [
      0.0,
      0.0,
      0.0,
      1.0
    ]
  ],
  "head23_note": "constant across all frames (head joints fixed or absent)",
  "method": "calibrateHandEye eye-to-hand PARK",
  "corner_order": "0123",
  "num_valid_samples": 50,
  "mean_reprojection_error_px": 0.644614111835287,
  "reprojection_errors": {
    "000001.jpg": 0.6741746806936009,
    "000002.jpg": 0.5743045868097093,
    "000003.jpg": 0.5659796411327107,
    "000004.jpg": 0.7543660715992901,
    "000005.jpg": 0.7760685406892175,
    "000006.jpg": 0.5617402691634583,
    "000007.jpg": 0.6169206478592423,
    "000008.jpg": 0.6365884272451495,
    "000009.jpg": 0.5852953447255742,
    "000010.jpg": 0.5763192488774563,
    "000011.jpg": 0.6367546301005108,
    "000012.jpg": 0.6038279121042429,
    "000013.jpg": 0.6369479806833588,
    "000014.jpg": 0.5528224376549714,
    "000015.jpg": 0.5946507192868687,
    "000016.jpg": 0.6542058068169108,
    "000017.jpg": 0.5898889321934736,
    "000018.jpg": 0.7191521615099854,
    "000019.jpg": 0.6601984754173068,
    "000020.jpg": 0.6316035401813719,
    "000021.jpg": 0.6444503754796131,
    "000022.jpg": 0.6559591623101638,
    "000023.jpg": 0.6154195313667649,
    "000024.jpg": 0.5818432490798893,
    "000025.jpg": 0.5665752217204351,
    "000026.jpg": 0.5753114287124105,
    "000027.jpg": 0.678737072542923,
    "000028.jpg": 0.6773912282864242,
    "000029.jpg": 0.6384035644984865,
    "000030.jpg": 0.6558762072584909,
    "000031.jpg": 0.6946800856701164,
    "000032.jpg": 0.5624114452261406,
    "000033.jpg": 0.5745824362910513,
    "000034.jpg": 0.6019212490436913,
    "000035.jpg": 0.6278057936735099,
    "000036.jpg": 0.7267402741991528,
    "000037.jpg": 0.6941324608465901,
    "000038.jpg": 0.9298791764375849,
    "000039.jpg": 0.6514334461921166,
    "000040.jpg": 0.6998159024047987,
    "000041.jpg": 0.5918059847148809,
    "000042.jpg": 0.6292009411412111,
    "000043.jpg": 0.6230786685406978,
    "000044.jpg": 0.6418590349888813,
    "000045.jpg": 0.6690693157379388,
    "000046.jpg": 0.6240890637620133,
    "000047.jpg": 0.7150386469311806,
    "000048.jpg": 0.7107092210056892,
    "000049.jpg": 0.6606284911717455,
    "000050.jpg": 0.7100468577853551
  },
  "tag_counts": {
    "000001.jpg": 36,
    "000002.jpg": 35,
    "000003.jpg": 35,
    "000004.jpg": 27,
    "000005.jpg": 29,
    "000006.jpg": 28,
    "000007.jpg": 36,
    "000008.jpg": 35,
    "000009.jpg": 35,
    "000010.jpg": 23,
    "000011.jpg": 21,
    "000012.jpg": 35,
    "000013.jpg": 35,
    "000014.jpg": 36,
    "000015.jpg": 35,
    "000016.jpg": 36,
    "000017.jpg": 35,
    "000018.jpg": 36,
    "000019.jpg": 36,
    "000020.jpg": 36,
    "000021.jpg": 22,
    "000022.jpg": 29,
    "000023.jpg": 36,
    "000024.jpg": 36,
    "000025.jpg": 36,
    "000026.jpg": 35,
    "000027.jpg": 31,
    "000028.jpg": 29,
    "000029.jpg": 31,
    "000030.jpg": 30,
    "000031.jpg": 34,
    "000032.jpg": 36,
    "000033.jpg": 36,
    "000034.jpg": 36,
    "000035.jpg": 35,
    "000036.jpg": 36,
    "000037.jpg": 28,
    "000038.jpg": 21,
    "000039.jpg": 12,
    "000040.jpg": 36,
    "000041.jpg": 36,
    "000042.jpg": 36,
    "000043.jpg": 34,
    "000044.jpg": 35,
    "000045.jpg": 36,
    "000046.jpg": 34,
    "000047.jpg": 35,
    "000048.jpg": 35,
    "000049.jpg": 36,
    "000050.jpg": 33
  },
  "handeye_residual_summary": {
    "mean_translation_m": 0.004305221711096891,
    "mean_translation_mm": 4.305221711096891,
    "max_translation_m": 0.00896711413438732,
    "max_translation_mm": 8.967114134387321,
    "mean_rotation_deg": 0.3548543315490622,
    "max_rotation_deg": 0.7387188416455334
  },
  "handeye_residuals": {
    "000001.jpg": {
      "translation_m": 0.0030555342588012464,
      "translation_mm": 3.0555342588012464,
      "rotation_deg": 0.4546826405764063
    },
    "000002.jpg": {
      "translation_m": 0.002598900967890384,
      "translation_mm": 2.5989009678903843,
      "rotation_deg": 0.37309369393474756
    },
    "000003.jpg": {
      "translation_m": 0.0031207556894272135,
      "translation_mm": 3.1207556894272135,
      "rotation_deg": 0.4369653258140935
    },
    "000004.jpg": {
      "translation_m": 0.003189890569138654,
      "translation_mm": 3.189890569138654,
      "rotation_deg": 0.44044767449519057
    },
    "000005.jpg": {
      "translation_m": 0.0037565925860396612,
      "translation_mm": 3.756592586039661,
      "rotation_deg": 0.2640516074379624
    },
    "000006.jpg": {
      "translation_m": 0.0032689300681805152,
      "translation_mm": 3.268930068180515,
      "rotation_deg": 0.5162161915749958
    },
    "000007.jpg": {
      "translation_m": 0.0068235129477590235,
      "translation_mm": 6.823512947759023,
      "rotation_deg": 0.5360337135889714
    },
    "000008.jpg": {
      "translation_m": 0.006224199759848825,
      "translation_mm": 6.224199759848825,
      "rotation_deg": 0.45393894238043325
    },
    "000009.jpg": {
      "translation_m": 0.006209953793596482,
      "translation_mm": 6.2099537935964815,
      "rotation_deg": 0.4127291712566243
    },
    "000010.jpg": {
      "translation_m": 0.003075971119615842,
      "translation_mm": 3.0759711196158417,
      "rotation_deg": 0.5497349831202124
    },
    "000011.jpg": {
      "translation_m": 0.0037072410256847647,
      "translation_mm": 3.7072410256847648,
      "rotation_deg": 0.4013083790557569
    },
    "000012.jpg": {
      "translation_m": 0.005418138976434496,
      "translation_mm": 5.418138976434496,
      "rotation_deg": 0.15769343546035802
    },
    "000013.jpg": {
      "translation_m": 0.004813201808310427,
      "translation_mm": 4.813201808310427,
      "rotation_deg": 0.4425042073295609
    },
    "000014.jpg": {
      "translation_m": 0.006957863887547053,
      "translation_mm": 6.957863887547053,
      "rotation_deg": 0.19895013479474893
    },
    "000015.jpg": {
      "translation_m": 0.006249999129187665,
      "translation_mm": 6.249999129187665,
      "rotation_deg": 0.31123869581592345
    },
    "000016.jpg": {
      "translation_m": 0.00573604633525131,
      "translation_mm": 5.73604633525131,
      "rotation_deg": 0.3649444719126037
    },
    "000017.jpg": {
      "translation_m": 0.004718386002734483,
      "translation_mm": 4.7183860027344835,
      "rotation_deg": 0.3747437482478487
    },
    "000018.jpg": {
      "translation_m": 0.003415427544786825,
      "translation_mm": 3.415427544786825,
      "rotation_deg": 0.4107870837378579
    },
    "000019.jpg": {
      "translation_m": 0.00558824437447135,
      "translation_mm": 5.5882443744713495,
      "rotation_deg": 0.6321959279968972
    },
    "000020.jpg": {
      "translation_m": 0.004568574777442267,
      "translation_mm": 4.568574777442268,
      "rotation_deg": 0.41186370714322007
    },
    "000021.jpg": {
      "translation_m": 0.005351153099234844,
      "translation_mm": 5.351153099234844,
      "rotation_deg": 0.44879852616466337
    },
    "000022.jpg": {
      "translation_m": 0.004087993794719797,
      "translation_mm": 4.087993794719797,
      "rotation_deg": 0.1580864074522548
    },
    "000023.jpg": {
      "translation_m": 0.001479130808828285,
      "translation_mm": 1.479130808828285,
      "rotation_deg": 0.2333711250542654
    },
    "000024.jpg": {
      "translation_m": 0.0018620979236896097,
      "translation_mm": 1.8620979236896096,
      "rotation_deg": 0.19877356719708655
    },
    "000025.jpg": {
      "translation_m": 0.0019113824155515794,
      "translation_mm": 1.9113824155515793,
      "rotation_deg": 0.19615650597150214
    },
    "000026.jpg": {
      "translation_m": 0.001072023629874385,
      "translation_mm": 1.0720236298743848,
      "rotation_deg": 0.2693767986031937
    },
    "000027.jpg": {
      "translation_m": 0.0030141892547966924,
      "translation_mm": 3.0141892547966926,
      "rotation_deg": 0.2212044697871466
    },
    "000028.jpg": {
      "translation_m": 0.003345184070076072,
      "translation_mm": 3.3451840700760718,
      "rotation_deg": 0.1000168111928025
    },
    "000029.jpg": {
      "translation_m": 0.0016748562950896287,
      "translation_mm": 1.6748562950896286,
      "rotation_deg": 0.29424270353933496
    },
    "000030.jpg": {
      "translation_m": 0.0017530661159564042,
      "translation_mm": 1.753066115956404,
      "rotation_deg": 0.21731922015220834
    },
    "000031.jpg": {
      "translation_m": 0.0017642262311710387,
      "translation_mm": 1.7642262311710388,
      "rotation_deg": 0.17769466473264042
    },
    "000032.jpg": {
      "translation_m": 0.0054020410623810714,
      "translation_mm": 5.4020410623810715,
      "rotation_deg": 0.3428223374644243
    },
    "000033.jpg": {
      "translation_m": 0.007301066634303594,
      "translation_mm": 7.301066634303594,
      "rotation_deg": 0.6634459959639648
    },
    "000034.jpg": {
      "translation_m": 0.007322765797364001,
      "translation_mm": 7.322765797364001,
      "rotation_deg": 0.315150045978006
    },
    "000035.jpg": {
      "translation_m": 0.0059978358780522776,
      "translation_mm": 5.997835878052277,
      "rotation_deg": 0.36505812022377293
    },
    "000036.jpg": {
      "translation_m": 0.0052681010974591335,
      "translation_mm": 5.268101097459134,
      "rotation_deg": 0.3011559304461914
    },
    "000037.jpg": {
      "translation_m": 0.006999971277160364,
      "translation_mm": 6.9999712771603635,
      "rotation_deg": 0.36967776147200937
    },
    "000038.jpg": {
      "translation_m": 0.0074222491773539125,
      "translation_mm": 7.422249177353913,
      "rotation_deg": 0.4522139108135447
    },
    "000039.jpg": {
      "translation_m": 0.00896711413438732,
      "translation_mm": 8.967114134387321,
      "rotation_deg": 0.7387188416455334
    },
    "000040.jpg": {
      "translation_m": 0.0026474735421556017,
      "translation_mm": 2.6474735421556015,
      "rotation_deg": 0.38996096730469304
    },
    "000041.jpg": {
      "translation_m": 0.0027279441991392888,
      "translation_mm": 2.727944199139289,
      "rotation_deg": 0.39040987523536025
    },
    "000042.jpg": {
      "translation_m": 0.003477577126608336,
      "translation_mm": 3.477577126608336,
      "rotation_deg": 0.32713225209862945
    },
    "000043.jpg": {
      "translation_m": 0.0027168494322678655,
      "translation_mm": 2.7168494322678653,
      "rotation_deg": 0.23566281747863305
    },
    "000044.jpg": {
      "translation_m": 0.0012926908240904309,
      "translation_mm": 1.292690824090431,
      "rotation_deg": 0.2958838399414777
    },
    "000045.jpg": {
      "translation_m": 0.0018696185154492794,
      "translation_mm": 1.8696185154492793,
      "rotation_deg": 0.25608649052982757
    },
    "000046.jpg": {
      "translation_m": 0.0039729526017680825,
      "translation_mm": 3.9729526017680823,
      "rotation_deg": 0.2824717970057447
    },
    "000047.jpg": {
      "translation_m": 0.0035891821582307603,
      "translation_mm": 3.58918215823076,
      "rotation_deg": 0.24977280560125545
    },
    "000048.jpg": {
      "translation_m": 0.006312081137619271,
      "translation_mm": 6.312081137619271,
      "rotation_deg": 0.3660631818312677
    },
    "000049.jpg": {
      "translation_m": 0.005795276259908052,
      "translation_mm": 5.795276259908052,
      "rotation_deg": 0.3888417461827664
    },
    "000050.jpg": {
      "translation_m": 0.006365625438009101,
      "translation_mm": 6.365625438009101,
      "rotation_deg": 0.3530233247144938
    }
  },
  "used_images": [
    "000001.jpg",
    "000002.jpg",
    "000003.jpg",
    "000004.jpg",
    "000005.jpg",
    "000006.jpg",
    "000007.jpg",
    "000008.jpg",
    "000009.jpg",
    "000010.jpg",
    "000011.jpg",
    "000012.jpg",
    "000013.jpg",
    "000014.jpg",
    "000015.jpg",
    "000016.jpg",
    "000017.jpg",
    "000018.jpg",
    "000019.jpg",
    "000020.jpg",
    "000021.jpg",
    "000022.jpg",
    "000023.jpg",
    "000024.jpg",
    "000025.jpg",
    "000026.jpg",
    "000027.jpg",
    "000028.jpg",
    "000029.jpg",
    "000030.jpg",
    "000031.jpg",
    "000032.jpg",
    "000033.jpg",
    "000034.jpg",
    "000035.jpg",
    "000036.jpg",
    "000037.jpg",
    "000038.jpg",
    "000039.jpg",
    "000040.jpg",
    "000041.jpg",
    "000042.jpg",
    "000043.jpg",
    "000044.jpg",
    "000045.jpg",
    "000046.jpg",
    "000047.jpg",
    "000048.jpg",
    "000049.jpg",
    "000050.jpg"
  ],
  "skipped_images": []
}
