{
  "convention": "T_A_B transforms points from frame B to frame A: p_A = T_A_B @ p_B",
  "intrinsics": {
    "frame_id": "camera_color_optical_frame",
    "image_width": 848,
    "image_height": 480,
    "distortion_model": "plumb_bob",
    "camera_matrix": [
      [
        415.38882001973656,
        0.0,
        427.24127188258564
      ],
      [
        0.0,
        415.3413378301133,
        241.90963311505976
      ],
      [
        0.0,
        0.0,
        1.0
      ]
    ],
    "dist_coeffs": [
      0.0,
      0.0,
      0.0,
      0.0,
      0.0
    ],
    "image_model": "undistorted",
    "undistort_alpha": 0.0,
    "original_camera_matrix": [
      [
        416.9289855957031,
        0.0,
        426.3268127441406
      ],
      [
        0.0,
        416.4921569824219,
        242.12405395507812
      ],
      [
        0.0,
        0.0,
        1.0
      ]
    ],
    "original_dist_coeffs": [
      -0.058166466653347015,
      0.07234824448823929,
      -0.00023937456717249006,
      0.0006794747896492481,
      -0.02337656170129776
    ],
    "roi": [
      0,
      0,
      847,
      479
    ]
  },
  "T_base_camera": [
    [
      -0.9998801776930809,
      0.006490016620942396,
      -0.014053822992652414,
      -0.01856737759248933
    ],
    [
      0.015136227350547732,
      0.6001583742877943,
      -0.7997379698337601,
      -0.07145003069366163
    ],
    [
      0.003244206843179387,
      -0.7998548652452471,
      -0.6001846962939544,
      1.4163646954840075
    ],
    [
      0.0,
      0.0,
      0.0,
      1.0
    ]
  ],
  "T_camera_base": [
    [
      -0.999880177693085,
      0.015136227350551612,
      0.0032442068431788726,
      -0.02207864893521586
    ],
    [
      0.006490016620939677,
      0.6001583742877937,
      -0.7998548652452466,
      1.1758880294975893
    ],
    [
      -0.014053822992649687,
      -0.7997379698337606,
      -0.600184696293955,
      0.7926781694709176
    ],
    [
      0.0,
      0.0,
      0.0,
      1.0
    ]
  ],
  "T_head23_camera": [
    [
      -0.9998799689770065,
      0.006484248994157248,
      -0.014071323801206617,
      -0.01855312791369018
    ],
    [
      0.01515216445106709,
      0.5988269892283871,
      -0.800735067849606,
      -0.09340132276406318
    ],
    [
      0.003234122908044583,
      -0.8008521658125473,
      -0.5988533618193755,
      -0.024992435659393353
    ],
    [
      0.0,
      0.0,
      0.0,
      1.0
    ]
  ],
  "T_camera_head23": [
    [
      -0.9998799689770104,
      0.015152164451070965,
      0.0032341229080440625,
      -0.017054840151604543
    ],
    [
      0.006484248994154528,
      0.5988269892283864,
      -0.800852165812547,
      0.036036289775009576
    ],
    [
      -0.014071323801203886,
      -0.8007350678496062,
      -0.5988533618193761,
      -0.09001758570580597
    ],
    [
      0.0,
      0.0,
      0.0,
      1.0
    ]
  ],
  "T_ee_grid": [
    [
      0.9992143662698326,
      -0.035778978209254214,
      0.017044499355478658,
      -0.1107406632521223
    ],
    [
      0.004238166024266005,
      0.5240774526775293,
      0.8516600621984003,
      -0.0016537414351507902
    ],
    [
      -0.039404164611471504,
      -0.8509187319088316,
      0.523817357003315,
      -0.19297089491366004
    ],
    [
      0.0,
      0.0,
      0.0,
      1.0
    ]
  ],
  "T_grid_ee": [
    [
      0.9992143662698322,
      0.004238166024265946,
      -0.03940416461147167,
      0.10305681357413278
    ],
    [
      -0.03577897820925407,
      0.5240774526775293,
      -0.8509187319088313,
      -0.1672980483738989
    ],
    [
      0.017044499355478495,
      0.8516600621984001,
      0.5238173570033148,
      0.10437744884918443
    ],
    [
      0.0,
      0.0,
      0.0,
      1.0
    ]
  ],
  "head23_note": "constant across all frames (head joints fixed or absent)",
  "method": "calibrateHandEye eye-to-hand PARK",
  "corner_order": "0123",
  "num_valid_samples": 78,
  "mean_reprojection_error_px": 0.5954791134239239,
  "reprojection_errors": {
    "000001.jpg": 0.5513634217818573,
    "000002.jpg": 0.650917554095719,
    "000003.jpg": 0.6775292661693811,
    "000004.jpg": 0.6703909927855886,
    "000005.jpg": 0.6614135862668205,
    "000006.jpg": 0.6629368941360247,
    "000007.jpg": 0.7534549553395781,
    "000008.jpg": 0.7486683215503886,
    "000009.jpg": 0.6547188174203329,
    "000010.jpg": 0.6604287504296887,
    "000011.jpg": 0.6083484808967974,
    "000012.jpg": 0.5744107944457749,
    "000013.jpg": 0.5752276312890636,
    "000014.jpg": 0.5317228287845452,
    "000015.jpg": 0.49372158937992816,
    "000016.jpg": 0.506509778431149,
    "000017.jpg": 0.612998443776169,
    "000018.jpg": 0.5328723417191342,
    "000019.jpg": 0.537349840053287,
    "000021.jpg": 0.5345180635155555,
    "000022.jpg": 0.5538393284009031,
    "000024.jpg": 0.6240045809938162,
    "000025.jpg": 0.5313853638297829,
    "000026.jpg": 0.6948519761896049,
    "000027.jpg": 0.666714471719524,
    "000028.jpg": 0.6850095648606167,
    "000029.jpg": 0.6687976510032759,
    "000030.jpg": 0.6857893539047306,
    "000031.jpg": 0.6428182445880775,
    "000032.jpg": 0.6024950149686497,
    "000033.jpg": 0.6111061416755827,
    "000034.jpg": 0.5945895353695696,
    "000035.jpg": 0.552768164866314,
    "000036.jpg": 0.5460682691164138,
    "000037.jpg": 0.5541493399378968,
    "000038.jpg": 0.5894016923904909,
    "000039.jpg": 0.6617843938892644,
    "000040.jpg": 0.49075834221187714,
    "000041.jpg": 0.5505512124962396,
    "000042.jpg": 0.5237019904081689,
    "000043.jpg": 0.5028617064044202,
    "000044.jpg": 0.4996515144016015,
    "000045.jpg": 0.5277732892933077,
    "000046.jpg": 0.5895612825501543,
    "000047.jpg": 0.5744394751451803,
    "000048.jpg": 0.5965374331689682,
    "000049.jpg": 0.5734566336503094,
    "000050.jpg": 0.5260023743354849,
    "000051.jpg": 0.5255397591323445,
    "000052.jpg": 0.3978981061173279,
    "000053.jpg": 0.5671782124075362,
    "000054.jpg": 0.45027547057082096,
    "000055.jpg": 0.4759011903099717,
    "000056.jpg": 0.5473405396022245,
    "000057.jpg": 0.5642269750114353,
    "000058.jpg": 0.6003069426089369,
    "000059.jpg": 0.5562063873637222,
    "000060.jpg": 0.5837701248494797,
    "000061.jpg": 0.5665453125671337,
    "000062.jpg": 0.6025626124657328,
    "000063.jpg": 0.674807754702368,
    "000064.jpg": 0.673132830650331,
    "000065.jpg": 0.6127092007627696,
    "000066.jpg": 0.6218107973510298,
    "000067.jpg": 0.6356293905238628,
    "000068.jpg": 0.5967786354448448,
    "000069.jpg": 0.7190101185637243,
    "000070.jpg": 0.6256327683584216,
    "000071.jpg": 0.6362751910033355,
    "000072.jpg": 0.6109507454290691,
    "000073.jpg": 0.6044790953076541,
    "000074.jpg": 0.5482838288724439,
    "000075.jpg": 0.540285338509716,
    "000076.jpg": 0.6985621196259838,
    "000077.jpg": 0.7192538467367857,
    "000078.jpg": 0.6608046037007881,
    "000079.jpg": 0.6510150562891895,
    "000080.jpg": 0.5598271981900725
  },
  "tag_counts": {
    "000001.jpg": 33,
    "000002.jpg": 33,
    "000003.jpg": 32,
    "000004.jpg": 32,
    "000005.jpg": 30,
    "000006.jpg": 32,
    "000007.jpg": 14,
    "000008.jpg": 15,
    "000009.jpg": 22,
    "000010.jpg": 17,
    "000011.jpg": 17,
    "000012.jpg": 21,
    "000013.jpg": 20,
    "000014.jpg": 21,
    "000015.jpg": 16,
    "000016.jpg": 18,
    "000017.jpg": 10,
    "000018.jpg": 15,
    "000019.jpg": 13,
    "000021.jpg": 10,
    "000022.jpg": 11,
    "000024.jpg": 18,
    "000025.jpg": 9,
    "000026.jpg": 15,
    "000027.jpg": 16,
    "000028.jpg": 16,
    "000029.jpg": 13,
    "000030.jpg": 14,
    "000031.jpg": 32,
    "000032.jpg": 35,
    "000033.jpg": 36,
    "000034.jpg": 36,
    "000035.jpg": 36,
    "000036.jpg": 36,
    "000037.jpg": 36,
    "000038.jpg": 36,
    "000039.jpg": 36,
    "000040.jpg": 36,
    "000041.jpg": 36,
    "000042.jpg": 36,
    "000043.jpg": 36,
    "000044.jpg": 36,
    "000045.jpg": 34,
    "000046.jpg": 26,
    "000047.jpg": 25,
    "000048.jpg": 26,
    "000049.jpg": 18,
    "000050.jpg": 29,
    "000051.jpg": 9,
    "000052.jpg": 12,
    "000053.jpg": 9,
    "000054.jpg": 23,
    "000055.jpg": 25,
    "000056.jpg": 27,
    "000057.jpg": 13,
    "000058.jpg": 30,
    "000059.jpg": 31,
    "000060.jpg": 29,
    "000061.jpg": 29,
    "000062.jpg": 28,
    "000063.jpg": 30,
    "000064.jpg": 33,
    "000065.jpg": 25,
    "000066.jpg": 31,
    "000067.jpg": 27,
    "000068.jpg": 18,
    "000069.jpg": 21,
    "000070.jpg": 26,
    "000071.jpg": 24,
    "000072.jpg": 19,
    "000073.jpg": 19,
    "000074.jpg": 34,
    "000075.jpg": 35,
    "000076.jpg": 28,
    "000077.jpg": 16,
    "000078.jpg": 21,
    "000079.jpg": 11,
    "000080.jpg": 21
  },
  "handeye_residual_summary": {
    "mean_translation_m": 0.005140847657831095,
    "mean_translation_mm": 5.140847657831094,
    "max_translation_m": 0.01064672578915296,
    "max_translation_mm": 10.64672578915296,
    "mean_rotation_deg": 0.620428098769284,
    "max_rotation_deg": 1.670406607682022
  },
  "handeye_residuals": {
    "000001.jpg": {
      "translation_m": 0.007246657020500183,
      "translation_mm": 7.246657020500184,
      "rotation_deg": 0.4880951427064894
    },
    "000002.jpg": {
      "translation_m": 0.006437271351713029,
      "translation_mm": 6.437271351713029,
      "rotation_deg": 0.2951810115345142
    },
    "000003.jpg": {
      "translation_m": 0.006111560971517212,
      "translation_mm": 6.111560971517212,
      "rotation_deg": 0.3554955245895867
    },
    "000004.jpg": {
      "translation_m": 0.004869333142249252,
      "translation_mm": 4.8693331422492525,
      "rotation_deg": 0.3884020267978732
    },
    "000005.jpg": {
      "translation_m": 0.008006927519509769,
      "translation_mm": 8.00692751950977,
      "rotation_deg": 0.5417126845506043
    },
    "000006.jpg": {
      "translation_m": 0.008923217626188838,
      "translation_mm": 8.923217626188837,
      "rotation_deg": 0.2124458084795544
    },
    "000007.jpg": {
      "translation_m": 0.003576689554368104,
      "translation_mm": 3.576689554368104,
      "rotation_deg": 0.7085869188861587
    },
    "000008.jpg": {
      "translation_m": 0.004150025959662719,
      "translation_mm": 4.150025959662719,
      "rotation_deg": 0.7694490337802465
    },
    "000009.jpg": {
      "translation_m": 0.004260523654421514,
      "translation_mm": 4.260523654421514,
      "rotation_deg": 0.6691749117726904
    },
    "000010.jpg": {
      "translation_m": 0.003595280003393413,
      "translation_mm": 3.595280003393413,
      "rotation_deg": 0.7515335065970706
    },
    "000011.jpg": {
      "translation_m": 0.0016972643931993303,
      "translation_mm": 1.6972643931993303,
      "rotation_deg": 0.41015619444480406
    },
    "000012.jpg": {
      "translation_m": 0.00285531000131849,
      "translation_mm": 2.85531000131849,
      "rotation_deg": 0.20099104232441672
    },
    "000013.jpg": {
      "translation_m": 0.0029022230591261976,
      "translation_mm": 2.9022230591261975,
      "rotation_deg": 0.4280375786321113
    },
    "000014.jpg": {
      "translation_m": 0.0037347743138208935,
      "translation_mm": 3.7347743138208935,
      "rotation_deg": 0.45428702598961157
    },
    "000015.jpg": {
      "translation_m": 0.0028118500820300675,
      "translation_mm": 2.8118500820300674,
      "rotation_deg": 0.6903905084109565
    },
    "000016.jpg": {
      "translation_m": 0.0020835334249550354,
      "translation_mm": 2.0835334249550352,
      "rotation_deg": 0.6789342613316729
    },
    "000017.jpg": {
      "translation_m": 0.002145367327376551,
      "translation_mm": 2.145367327376551,
      "rotation_deg": 0.7933697779137038
    },
    "000018.jpg": {
      "translation_m": 0.002726494116551533,
      "translation_mm": 2.726494116551533,
      "rotation_deg": 1.219266475331828
    },
    "000019.jpg": {
      "translation_m": 0.0035835907389421867,
      "translation_mm": 3.5835907389421866,
      "rotation_deg": 0.5461590827526807
    },
    "000021.jpg": {
      "translation_m": 0.0029004636543678805,
      "translation_mm": 2.9004636543678806,
      "rotation_deg": 0.2319332720846228
    },
    "000022.jpg": {
      "translation_m": 0.0012303425608601408,
      "translation_mm": 1.2303425608601408,
      "rotation_deg": 0.36887216549220475
    },
    "000024.jpg": {
      "translation_m": 0.00030680624117160115,
      "translation_mm": 0.30680624117160116,
      "rotation_deg": 0.5856030074257129
    },
    "000025.jpg": {
      "translation_m": 0.0031035942174727285,
      "translation_mm": 3.1035942174727285,
      "rotation_deg": 1.2420189797758372
    },
    "000026.jpg": {
      "translation_m": 0.004136171238260336,
      "translation_mm": 4.136171238260336,
      "rotation_deg": 0.547789202744474
    },
    "000027.jpg": {
      "translation_m": 0.005005011052816363,
      "translation_mm": 5.0050110528163625,
      "rotation_deg": 0.4362798057955595
    },
    "000028.jpg": {
      "translation_m": 0.006969645348953445,
      "translation_mm": 6.969645348953446,
      "rotation_deg": 0.7329733089300727
    },
    "000029.jpg": {
      "translation_m": 0.006514734997576577,
      "translation_mm": 6.514734997576578,
      "rotation_deg": 0.6153112509940044
    },
    "000030.jpg": {
      "translation_m": 0.006377817148836421,
      "translation_mm": 6.377817148836421,
      "rotation_deg": 0.9210510254566948
    },
    "000031.jpg": {
      "translation_m": 0.003342681209875829,
      "translation_mm": 3.342681209875829,
      "rotation_deg": 0.4675289719283847
    },
    "000032.jpg": {
      "translation_m": 0.004609647945748443,
      "translation_mm": 4.609647945748443,
      "rotation_deg": 0.6508615665967807
    },
    "000033.jpg": {
      "translation_m": 0.005882385695213706,
      "translation_mm": 5.8823856952137055,
      "rotation_deg": 0.7405985463232134
    },
    "000034.jpg": {
      "translation_m": 0.007111621988366947,
      "translation_mm": 7.111621988366947,
      "rotation_deg": 0.9464876507903306
    },
    "000035.jpg": {
      "translation_m": 0.008566130545472317,
      "translation_mm": 8.566130545472317,
      "rotation_deg": 1.1056557435345045
    },
    "000036.jpg": {
      "translation_m": 0.01064672578915296,
      "translation_mm": 10.64672578915296,
      "rotation_deg": 1.0736632098841228
    },
    "000037.jpg": {
      "translation_m": 0.005459003253833885,
      "translation_mm": 5.459003253833885,
      "rotation_deg": 0.7029689827460336
    },
    "000038.jpg": {
      "translation_m": 0.005860696002977791,
      "translation_mm": 5.860696002977791,
      "rotation_deg": 0.8585703383561057
    },
    "000039.jpg": {
      "translation_m": 0.006428322699711679,
      "translation_mm": 6.428322699711679,
      "rotation_deg": 1.2109857651343452
    },
    "000040.jpg": {
      "translation_m": 0.006371674068396177,
      "translation_mm": 6.371674068396176,
      "rotation_deg": 0.63210936672067
    },
    "000041.jpg": {
      "translation_m": 0.0053492637587382085,
      "translation_mm": 5.349263758738209,
      "rotation_deg": 0.6984559483478417
    },
    "000042.jpg": {
      "translation_m": 0.007866007712079456,
      "translation_mm": 7.866007712079456,
      "rotation_deg": 0.7256605249099676
    },
    "000043.jpg": {
      "translation_m": 0.004400180996621326,
      "translation_mm": 4.400180996621327,
      "rotation_deg": 0.4219888440397742
    },
    "000044.jpg": {
      "translation_m": 0.004771157293467421,
      "translation_mm": 4.771157293467422,
      "rotation_deg": 0.5848720372550595
    },
    "000045.jpg": {
      "translation_m": 0.004854823067325955,
      "translation_mm": 4.854823067325955,
      "rotation_deg": 0.38702690906996834
    },
    "000046.jpg": {
      "translation_m": 0.0057745139329892356,
      "translation_mm": 5.774513932989236,
      "rotation_deg": 0.2972419892428642
    },
    "000047.jpg": {
      "translation_m": 0.005284824904632972,
      "translation_mm": 5.2848249046329725,
      "rotation_deg": 0.40443214419733275
    },
    "000048.jpg": {
      "translation_m": 0.004923010244932434,
      "translation_mm": 4.923010244932434,
      "rotation_deg": 0.33105659522005265
    },
    "000049.jpg": {
      "translation_m": 0.006831179572532757,
      "translation_mm": 6.831179572532757,
      "rotation_deg": 0.33915104876619956
    },
    "000050.jpg": {
      "translation_m": 0.003156200247287962,
      "translation_mm": 3.156200247287962,
      "rotation_deg": 0.32584773241054343
    },
    "000051.jpg": {
      "translation_m": 0.004638919914611164,
      "translation_mm": 4.638919914611164,
      "rotation_deg": 0.6027801026735387
    },
    "000052.jpg": {
      "translation_m": 0.006491432908656428,
      "translation_mm": 6.491432908656428,
      "rotation_deg": 0.15180745020373743
    },
    "000053.jpg": {
      "translation_m": 0.008689856157406221,
      "translation_mm": 8.68985615740622,
      "rotation_deg": 0.28289098669363405
    },
    "000054.jpg": {
      "translation_m": 0.0049449040775052895,
      "translation_mm": 4.9449040775052895,
      "rotation_deg": 0.3341908659534148
    },
    "000055.jpg": {
      "translation_m": 0.0010174991676682647,
      "translation_mm": 1.0174991676682648,
      "rotation_deg": 0.4055359997826402
    },
    "000056.jpg": {
      "translation_m": 0.003117594441606528,
      "translation_mm": 3.1175944416065278,
      "rotation_deg": 0.3153185834342479
    },
    "000057.jpg": {
      "translation_m": 0.006777821095521775,
      "translation_mm": 6.777821095521775,
      "rotation_deg": 0.32663813708334016
    },
    "000058.jpg": {
      "translation_m": 0.007132966350613807,
      "translation_mm": 7.132966350613807,
      "rotation_deg": 0.5390724823438622
    },
    "000059.jpg": {
      "translation_m": 0.007870466419104351,
      "translation_mm": 7.870466419104352,
      "rotation_deg": 0.5733036775065948
    },
    "000060.jpg": {
      "translation_m": 0.008888374055424407,
      "translation_mm": 8.888374055424407,
      "rotation_deg": 0.5642474141423538
    },
    "000061.jpg": {
      "translation_m": 0.008048717640800486,
      "translation_mm": 8.048717640800486,
      "rotation_deg": 0.44259898078813226
    },
    "000062.jpg": {
      "translation_m": 0.008463646062587628,
      "translation_mm": 8.463646062587628,
      "rotation_deg": 0.67703590472044
    },
    "000063.jpg": {
      "translation_m": 0.004139560319868421,
      "translation_mm": 4.139560319868421,
      "rotation_deg": 0.28006387524345683
    },
    "000064.jpg": {
      "translation_m": 0.005293782575151777,
      "translation_mm": 5.293782575151777,
      "rotation_deg": 0.45709978065535983
    },
    "000065.jpg": {
      "translation_m": 0.00439946678530252,
      "translation_mm": 4.39946678530252,
      "rotation_deg": 0.3606535672059918
    },
    "000066.jpg": {
      "translation_m": 0.00410202652958431,
      "translation_mm": 4.10202652958431,
      "rotation_deg": 0.30030571105756354
    },
    "000067.jpg": {
      "translation_m": 0.003987102760859889,
      "translation_mm": 3.987102760859889,
      "rotation_deg": 0.5161396433405173
    },
    "000068.jpg": {
      "translation_m": 0.006672171696116781,
      "translation_mm": 6.672171696116781,
      "rotation_deg": 0.6595473280887815
    },
    "000069.jpg": {
      "translation_m": 0.006900394062082931,
      "translation_mm": 6.90039406208293,
      "rotation_deg": 0.6106568877176577
    },
    "000070.jpg": {
      "translation_m": 0.0047801575580317165,
      "translation_mm": 4.780157558031717,
      "rotation_deg": 0.5893165116674399
    },
    "000071.jpg": {
      "translation_m": 0.004310340141074469,
      "translation_mm": 4.3103401410744695,
      "rotation_deg": 0.5048490554738445
    },
    "000072.jpg": {
      "translation_m": 0.0033701689312888414,
      "translation_mm": 3.370168931288841,
      "rotation_deg": 0.7245242481126051
    },
    "000073.jpg": {
      "translation_m": 0.00767800346885734,
      "translation_mm": 7.67800346885734,
      "rotation_deg": 0.6595915685994028
    },
    "000074.jpg": {
      "translation_m": 0.0017803544875293312,
      "translation_mm": 1.7803544875293311,
      "rotation_deg": 0.827216072708039
    },
    "000075.jpg": {
      "translation_m": 0.0026004601616930315,
      "translation_mm": 2.6004601616930314,
      "rotation_deg": 0.6756723622918964
    },
    "000076.jpg": {
      "translation_m": 0.00605428720078895,
      "translation_mm": 6.05428720078895,
      "rotation_deg": 1.5893951026451276
    },
    "000077.jpg": {
      "translation_m": 0.006132680268583638,
      "translation_mm": 6.132680268583638,
      "rotation_deg": 1.670406607682022
    },
    "000078.jpg": {
      "translation_m": 0.007150213390902223,
      "translation_mm": 7.1502133909022225,
      "rotation_deg": 1.3213319837312785
    },
    "000079.jpg": {
      "translation_m": 0.005903156737811892,
      "translation_mm": 5.903156737811892,
      "rotation_deg": 1.2449715942217405
    },
    "000080.jpg": {
      "translation_m": 0.003897060293273724,
      "translation_mm": 3.8970602932737237,
      "rotation_deg": 0.9975647672356357
    }
  },
  "used_images": [
    "000001.jpg",
    "000002.jpg",
    "000003.jpg",
    "000004.jpg",
    "000005.jpg",
    "000006.jpg",
    "000007.jpg",
    "000008.jpg",
    "000009.jpg",
    "000010.jpg",
    "000011.jpg",
    "000012.jpg",
    "000013.jpg",
    "000014.jpg",
    "000015.jpg",
    "000016.jpg",
    "000017.jpg",
    "000018.jpg",
    "000019.jpg",
    "000021.jpg",
    "000022.jpg",
    "000024.jpg",
    "000025.jpg",
    "000026.jpg",
    "000027.jpg",
    "000028.jpg",
    "000029.jpg",
    "000030.jpg",
    "000031.jpg",
    "000032.jpg",
    "000033.jpg",
    "000034.jpg",
    "000035.jpg",
    "000036.jpg",
    "000037.jpg",
    "000038.jpg",
    "000039.jpg",
    "000040.jpg",
    "000041.jpg",
    "000042.jpg",
    "000043.jpg",
    "000044.jpg",
    "000045.jpg",
    "000046.jpg",
    "000047.jpg",
    "000048.jpg",
    "000049.jpg",
    "000050.jpg",
    "000051.jpg",
    "000052.jpg",
    "000053.jpg",
    "000054.jpg",
    "000055.jpg",
    "000056.jpg",
    "000057.jpg",
    "000058.jpg",
    "000059.jpg",
    "000060.jpg",
    "000061.jpg",
    "000062.jpg",
    "000063.jpg",
    "000064.jpg",
    "000065.jpg",
    "000066.jpg",
    "000067.jpg",
    "000068.jpg",
    "000069.jpg",
    "000070.jpg",
    "000071.jpg",
    "000072.jpg",
    "000073.jpg",
    "000074.jpg",
    "000075.jpg",
    "000076.jpg",
    "000077.jpg",
    "000078.jpg",
    "000079.jpg",
    "000080.jpg"
  ],
  "skipped_images": [
    {
      "image": "000020.jpg",
      "reason": "only 7 tags after dedup"
    },
    {
      "image": "000023.jpg",
      "reason": "only 6 tags after dedup"
    }
  ]
}
